#3;29;DistancebetweenBalls no compensation;;0.0000;0.0000;0.0000;0.0000;
#1;30;BasePlane;;;0.0500;0.1574;0.1574;0.1074
#;;Flatness;;;;;;     |--->>
#1;31;NorthEndWheelInnerCylinder1 Mean;27;31.9100;127.0204;141.3460;45.6364;0.0152
#;;;;1.0000;0.0013;-0.0005;;
#1;34;NorthEndWheelInnerCylinder1;;45.6600;0.1270;45.6364;-0.0236;
#;;Diameter;;;-0.1270;;;----**-----
#4;36;topplanepoints ;1;26.7994;182.8300;140.5723;;0.0000
#5;36;topplanepoints ;1;21.4483;182.5675;140.5582;;0.0000
#6;36;topplanepoints ;1;20.7712;153.5013;140.5382;;0.0000
#7;36;topplanepoints ;1;28.0054;153.5006;140.5558;;0.0000
#8;36;topplanepoints ;1;28.0124;101.0231;140.5237;;0.0000
#9;36;topplanepoints ;1;20.3833;100.8735;140.5033;;0.0000
#10;36;topplanepoints ;1;20.3873;71.1713;140.4819;;0.0000
#11;36;topplanepoints ;1;26.4962;71.1742;140.4946;;0.0000
#19;42;a5northplane ;1;17.9685;89.3666;135.8079;;0.0000
#20;42;a5northplane ;1;17.9694;73.1908;135.7980;;0.0000
#21;42;a5northplane ;1;17.9927;73.5288;106.2310;;0.0000
#22;42;a5northplane ;1;17.9950;102.8666;106.2466;;0.0000
#23;42;a5northplane ;1;18.0106;142.8620;106.2679;;0.0000
#24;42;a5northplane ;1;18.0402;179.4252;106.2875;;0.0000
#25;42;a5northplane ;1;18.0208;182.5659;135.8863;;0.0000
#26;42;a5northplane ;1;17.9994;163.8289;137.0115;;0.0000
#34;48;a5westplane ;1;20.7201;67.2815;137.4673;;0.0000
#35;48;a5westplane ;1;29.4729;67.2730;137.4683;;0.0000
#36;48;a5westplane ;1;27.5694;67.2765;135.5216;;0.0000
#37;48;a5westplane ;1;21.4929;67.2821;135.5208;;0.0000
#38;48;a5westplane ;1;21.4923;67.2864;131.3337;;0.0000
#39;48;a5westplane ;1;27.0303;67.2821;131.3344;;0.0000
#45;53;a5eastplane ;1;28.1530;186.7831;139.1829;;0.0000
#46;53;a5eastplane ;1;20.5857;186.7764;139.1818;;0.0000
#47;53;a5eastplane ;1;20.7268;186.7787;134.9544;;0.0000
#48;53;a5eastplane ;1;28.1388;186.7784;134.9555;;0.0000
#49;53;a5eastplane ;1;28.1392;186.7793;131.4630;;0.0000
#50;53;a5eastplane ;1;20.2109;186.7827;131.4618;;0.0000
58;0;a5southplane ;1;30.7771;183.1756;138.5270;;0.0000
59;0;a5southplane ;1;30.7688;183.1727;125.2237;;0.0000
60;0;a5southplane ;1;30.7628;174.5454;125.2191;;0.0000
61;0;a5southplane ;1;30.7700;174.5342;137.6267;;0.0000
62;0;a5southplane ;1;30.7199;72.5774;137.6809;;0.0000
63;0;a5southplane ;1;30.7215;80.1789;137.6850;;0.0000
64;0;a5southplane ;1;30.7149;80.0464;121.1785;;0.0000
65;0;a5southplane ;1;30.7142;74.7207;121.1756;;0.0000
#73;65;endwheelplanepoints ;1;57.2097;155.3830;139.0275;;0.0000
#74;65;endwheelplanepoints ;1;48.5384;153.2045;134.7037;;0.0000
#75;65;endwheelplanepoints ;1;41.3115;153.2107;134.7027;;0.0000
#76;65;endwheelplanepoints ;1;41.3112;155.3258;138.8929;;0.0000
#77;65;endwheelplanepoints ;1;47.2907;155.3228;138.8937;;0.0000
#108;65;endwheelplanepoints ;1;58.7475;152.5585;133.4353;;0.0000

#78;65;endwheelplanepoints ;1;56.3129;149.7240;124.7300;;0.0000
#79;65;endwheelplanepoints ;1;59.2492;145.1225;121.7290;;0.0000
#80;65;endwheelplanepoints ;1;48.9813;145.1232;121.7282;;0.0000
#81;65;endwheelplanepoints ;1;42.7658;145.0143;121.6545;;0.0000
#82;65;endwheelplanepoints ;1;42.7651;149.7509;125.0917;;0.0000
#83;65;endwheelplanepoints ;1;48.2852;149.1049;124.3257;;0.0000

84;6;endwheelplanepoints ;1;58.5373;138.3987;115.4312;;0.0000
85;6;endwheelplanepoints ;1;59.0329;134.0353;115.1971;;0.0000
86;6;endwheelplanepoints ;1;48.5082;133.2089;115.1544;;0.0000
87;6;endwheelplanepoints ;1;42.6870;133.2168;115.1546;;0.0000
88;6;endwheelplanepoints ;1;42.6864;138.3172;115.4299;;0.0000
89;6;endwheelplanepoints ;1;48.6063;138.2552;115.4256;;0.0000

#90;6;endwheelplanepoints ;1;57.8410;125.2844;112.6234;;0.0000
#91;6;endwheelplanepoints ;1;59.3611;120.6060;114.9955;;0.0000
#92;6;endwheelplanepoints ;1;49.0787;119.9684;115.3285;;0.0000
#93;6;endwheelplanepoints ;1;41.0517;119.7029;115.4697;;0.0000
#94;6;endwheelplanepoints ;1;39.8573;123.4820;113.5547;;0.0000
#95;6;endwheelplanepoints ;1;46.9478;124.4203;113.0726;;0.0000

#96;6;endwheelplanepoints ;1;58.4273;111.4818;117.4173;;0.0000
#97;6;endwheelplanepoints ;1;39.1511;108.6358;121.8442;;0.0000
#98;6;endwheelplanepoints ;1;38.9287;110.2828;118.7905;;0.0000
#99;6;endwheelplanepoints ;1;46.1240;110.3905;118.6020;;0.0000
#106;6;endwheelplanepoints ;1;58.7019;107.0323;123.6898;;0.0000
#107;6;endwheelplanepoints ;1;45.7111;107.5820;122.9032;;0.0000

#100;65;endwheelplanepoints ;1;59.5045;100.7095;135.4873;;0.0000
#101;65;endwheelplanepoints ;1;59.5052;101.0150;130.0869;;0.0000
#102;65;endwheelplanepoints ;1;46.6883;100.7858;135.0009;;0.0000
#103;65;endwheelplanepoints ;1;39.2595;100.8094;134.9999;;0.0000
#104;65;endwheelplanepoints ;1;39.2606;101.0647;130.3573;;0.0000
#105;65;endwheelplanepoints ;1;45.9116;101.0440;130.3582;;0.0000
144;1;endwheelinnercylinder ;1;32.0396;149.7629;139.4838;;0.0000
145;1;endwheelinnercylinder ;1;32.0389;148.1126;132.8163;;0.0000
146;1;endwheelinnercylinder ;1;31.1500;139.3547;122.3375;;0.0000
147;1;endwheelinnercylinder ;1;30.8308;133.4858;119.4983;;0.0000
148;1;endwheelinnercylinder ;1;32.1266;128.4738;118.5770;;0.0000
149;1;endwheelinnercylinder ;1;31.7109;104.3227;139.1379;;0.0000
155;4;northendwheeloutercylinder ;1;56.9172;157.3228;137.0773;;0.0000
156;4;northendwheeloutercylinder ;1;56.0358;153.2220;125.2748;;0.0000
157;4;northendwheeloutercylinder ;1;57.4806;137.4512;112.5180;;0.0000
158;4;northendwheeloutercylinder ;1;57.2178;126.7024;110.7620;;0.0000
159;4;northendwheeloutercylinder ;1;51.3502;127.6400;110.7706;;0.0000
160;4;northendwheeloutercylinder ;1;51.3495;131.8750;111.1336;;0.0000
161;4;northendwheeloutercylinder ;1;59.0852;113.5186;113.8049;;0.0000
162;4;northendwheeloutercylinder ;1;59.2879;106.7029;118.1586;;0.0000
163;4;northendwheeloutercylinder ;1;58.3529;99.8524;126.9891;;0.0000
164;4;northendwheeloutercylinder ;1;59.0846;98.2056;130.8139;;0.0000
165;4;northendwheeloutercylinder ;1;54.5246;99.7299;127.2494;;0.0000
166;4;northendwheeloutercylinder ;1;56.6997;110.4254;115.4759;;0.0000
#178;82;northendwheelinnerrim ;1;33.5514;152.4877;139.4360;;0.0000
#179;82;northendwheelinnerrim ;1;33.5427;149.5731;134.0230;;0.0000
#180;82;northendwheelinnerrim ;1;33.5273;146.2259;127.4755;;0.0000
#181;82;northendwheelinnerrim ;1;33.5125;140.0045;120.7121;;0.0000
#182;82;northendwheelinnerrim ;1;33.5037;135.1295;118.4461;;0.0000
#183;82;northendwheelinnerrim ;1;33.4879;127.9872;117.3793;;0.0000
#184;82;northendwheelinnerrim ;1;33.4710;117.6666;119.1246;;0.0000
#185;82;northendwheelinnerrim ;1;33.4531;104.5294;134.5463;;0.0000
193;5;northendwheelouterrim ;1;60.6903;99.3015;135.5593;;0.0000
194;5;northendwheelouterrim ;1;60.7044;106.1448;121.9503;;0.0000
195;5;northendwheelouterrim ;1;60.7308;119.3329;113.8958;;0.0000
196;5;northendwheelouterrim ;1;60.7615;134.0402;113.9037;;0.0000
197;5;northendwheelouterrim ;1;60.7839;146.9559;120.6114;;0.0000
198;5;northendwheelouterrim ;1;60.7976;153.9417;132.4657;;0.0000
199;5;northendwheelouterrim ;1;60.8657;155.4736;136.8157;;0.0000
200;5;northendwheelouterrim ;1;60.8084;155.1559;134.3355;;0.0000
#208;92;northendwheeleastedge ;1;58.1474;156.7615;140.6418;;0.0000
#209;92;northendwheeleastedge ;1;54.2103;156.9398;140.6533;;0.0000
#210;92;northendwheeleastedge ;1;45.6972;156.8737;140.6691;;0.0000
#211;92;northendwheeleastedge ;1;41.3268;156.7409;140.6605;;0.0000
#212;92;northendwheeleastedge ;1;37.3872;156.7963;140.6375;;0.0000
#213;92;northendwheeleastedge ;1;34.0933;156.7047;140.6100;;0.0000
#219;97;northendwheelwestedge ;1;58.4937;98.7691;137.2482;;0.0000
#220;97;northendwheelwestedge ;1;53.8685;98.8700;137.2528;;0.0000
#221;97;northendwheelwestedge ;1;50.5680;99.0130;137.2545;;0.0000
#222;97;northendwheelwestedge ;1;47.6471;99.0137;137.2614;;0.0000
#223;97;northendwheelwestedge ;1;44.7036;99.0132;137.2652;;0.0000
#230;102;northendwheeltopedge ;1;32.2768;156.4628;140.6093;;0.0000
#231;102;northendwheeltopedge ;1;32.2771;154.4517;140.6358;;0.0000
#232;102;northendwheeltopedge ;1;32.2773;152.8753;140.6546;;0.0000
#233;102;northendwheeltopedge ;1;32.2775;151.4396;140.6554;;0.0000
#234;102;northendwheeltopedge ;1;31.2783;103.1145;140.3920;;0.0000
#235;102;northendwheeltopedge ;1;31.2785;101.5794;140.4025;;0.0000
#236;102;northendwheeltopedge ;1;31.5780;100.0220;140.4126;;0.0000
#237;102;northendwheeltopedge ;1;31.5782;97.7311;140.4027;;0.0000
